uav1,95.83176479121389,133.05999994277954,0.7268857750154054,1.262640292179096,1.2653718152345352,1.5421561485041375
uav10,89.30178271524846,122.20000004768372,0.7336253842782188,1.3114434894522717,1.2937435753602928,1.656560754545826
uav11,90.15552937285287,128.05000019073486,0.7056138818295551,1.261108905786546,1.1458668016374198,1.710333781085444
uav12,91.32588045934389,131.29999995231628,0.702633444569644,1.3392410679982512,1.7705166230658587,1.6282920949096242
uav13,93.16302813037211,109.05000019073486,0.8567282375131061,1.3144824181406913,1.6940432737347022,1.5596130895655738
uav14,93.38293545632939,130.29999995231628,0.7206188885370632,1.2682567883611822,1.2625595909168719,1.5596130895655738
uav15,94.91042066464708,130.75,0.7350024545520589,1.2979348367948214,1.1892134014159084,1.5818122319881207
uav16,94.46888796414673,127.10999989509583,0.7496959415502111,1.275845542860543,1.340304985804112,1.9446052268021277
uav2,91.31732085409195,116.40000009536743,0.7872919469898263,1.269267409012887,1.2829304719076369,2.001656399061169
uav3,90.49246780524668,125.40000033378601,0.7279007361661686,1.2939602488886546,1.3085492689301437,1.8427589906304163
uav4,92.19008024177387,126.74999976158142,0.7303679093370476,1.2761799994572713,1.2776785215730935,1.656560754545826
uav5,94.26511214578454,131.74999976158142,0.7235971280363911,1.256425759337617,1.4025986229704466,1.5818122319881207
uav6,91.19377464765637,120.15999984741211,0.7581231857852818,1.2790452484119386,1.2313818165474786,2.5914048483697627
uav7,91.9580490095453,115.64000034332275,0.7944528279428337,1.3487825496968369,1.2364038741265846,1.7378158066412634
uav8,91.34896026759836,127.0,0.7216421720143527,1.2200532909438835,1.2081837344133832,1.7579012547197186
uav9,93.50711206274175,127.5,0.7388678737670492,1.32330672463754,1.3620795056725419,1.5421561485041375
uav1,88.20499169663111,114.29999995231628,0.7750743699117006,1.2135940796742246,1.2187371644792857,1.982332656012716
uav10,87.86650944011274,104.50999975204468,0.8412740409057087,1.2738799555740743,1.394978770723375,1.8913941396186025
uav11,86.06716682711348,110.59000015258789,0.7779829186498604,1.2296665077442144,1.161936839991752,1.5284598277307972
uav12,91.66694308264682,121.19000005722046,0.7588697506074356,1.2373944198191775,1.370183935045734,1.689797732628171
uav13,92.00529896890026,119.34000015258789,0.7807514152995338,1.2453223609535993,1.2918555333226736,1.5726718225172998
uav14,95.50278491360739,113.78999996185303,0.8540285280202323,1.3038075197123942,1.206761103039791,1.5726718225172998
uav15,92.87730608809366,112.0,0.8362483381522353,1.276955384151807,1.1470944400275866,1.7554362321993813
uav16,92.08438571729012,110.40000033378601,0.8450630149723004,1.2832951171673577,1.3005917103332008,2.4246476082662185
uav2,92.97964164977867,114.19999980926514,0.8175650269627264,1.236051514557263,1.2615747811566715,1.7473653864284642
uav3,88.4179582139821,108.19999980926514,0.8191693778558089,1.2746277136968562,1.4653450576578917,2.0705079957031263
uav4,86.74926371828106,109.89999985694885,0.7875788050442196,1.3022864798264664,1.179765528825382,1.8489516184738861
uav5,86.78274163366672,112.94000029563904,0.7640754000778779,1.2780785351232786,1.2912809104837573,3.000000000324211
uav6,93.18625190691986,111.83999991416931,0.835479066723499,1.2690308251280977,1.3936340261477205,1.7262245683507687
uav7,94.36896695056679,115.7000002861023,0.8230899877311999,1.214593624484767,1.2616545156653096,1.8913941396186025
uav8,88.1188277255677,113.25000023841858,0.77863284593923,1.2364734863690376,1.1825742802270511,1.5284598277307972
uav9,89.51841533147307,116.24999976158142,0.7727391734941155,1.2721168552346744,1.2725562545332743,1.689797732628171
uav1,93.8568627032553,116.35000014305115,0.8145677859781604,1.3314527279566117,2.1559479082165365,1.6493035694604663
uav10,88.40447664559727,107.84000039100647,0.8206035011751638,1.318118051026999,1.3918869135415601,1.5686075453225194
uav11,89.68134089187086,111.20000004768372,0.816338571509289,1.295355477298851,1.3394516215071863,1.7408646848128078
uav12,91.52384807302477,115.36999988555908,0.802230925287002,1.3545486210097046,1.8767121417962231,1.8225456204535264
uav13,94.75394114462671,110.15000009536743,0.8660421349547597,1.3141481094454903,1.6009296108698212,1.8371476652050522
uav14,89.64924787529496,111.4500002861023,0.8075236989791149,1.4082871850505467,1.9553082029363922,1.7223968440783186
uav15,93.06420487029132,112.53999996185303,0.8339312255505401,1.3386525945577539,1.3044333537991484,1.9364803389507772
uav16,94.19948886141911,110.79999995231628,0.8549870829985283,1.3166802145261043,1.523597367179351,3.000000006010978
uav2,91.64944735666269,107.70000004768372,0.8558432452681192,1.2116181023289612,1.1896913539929677,1.3942528244387806
uav3,87.87657024183224,110.85000014305115,0.7904056793443295,1.2526560779480216,1.2986897109243234,2.316307444447957
uav4,89.03254931416447,112.10000014305115,0.7972294529942551,1.3359804519086307,1.2248267430592545,1.7353706658590755
uav5,91.5307516071777,115.0400002002716,0.7988097826040709,1.288904312288822,1.3907700297887793,2.236841013307505
uav6,92.49668270313524,105.7999997138977,0.8782273663520392,1.4019083959107905,1.3608904815306926,1.917148922039519
uav7,94.2729768909605,108.6399998664856,0.8835876412602307,1.3993226136839423,1.8847338981475723,1.3942528244387806
uav8,86.94065989255583,112.39000034332275,0.7700482733404427,1.2256773347223313,1.193193180636632,1.6771354913736274
uav9,93.30646222133021,116.0,0.8092014963529369,1.3466808707319247,1.513710441302583,1.6493035694604663
uav1,88.13084106125878,102.95000004768372,0.8564389529142282,1.2261788488171452,1.3623239675357373,1.6344904150008088
uav10,89.80148125172009,103.0499997138977,0.8706428518462082,1.2325875758698193,1.432530389459184,1.8855279234541429
uav11,86.37078679847497,99.59999966621399,0.8688130704154882,1.265753040984271,1.2430941940358697,1.5948662610413755
uav12,87.38995365229786,103.0,0.8491152605184703,1.243888261604291,1.5462482519548881,1.6588208625618
uav13,86.96962154239685,99.10999989509583,0.8849857800497692,1.3108580413400945,1.4264475040780882,2.060388758882028
uav14,89.2280562727539,99.74999976158142,0.8973142376964311,1.2159838051359644,1.1501413464664592,1.6344904150008088
uav15,89.64442018795833,99.0,0.9062573516578992,1.2669538524769293,1.240105060435767,2.0413780496283436
uav16,89.86541737761084,98.25000023841858,0.9131094533368271,1.257854756584562,1.2865024725492413,3.0000000009659487
uav2,93.07860427030464,105.0,0.8870879957911177,1.2365356364324813,1.2690639001114017,1.6377965518425368
uav3,87.10053010172064,100.55000019073486,0.8650426965032736,1.2629157927393384,1.1828218678599522,2.4329085620610695
uav4,87.03500754914697,102.0,0.8503080382557674,1.2646007858525286,1.2129311022549492,1.8838780248244595
uav5,88.1920841449627,101.70000004768372,0.8631887368703222,1.2846822191753329,1.3072369996141817,2.173387593835322
uav6,93.76450103096968,103.74000000953674,0.9072661583187537,1.3754092835595473,1.2746275430565583,1.8838780248244595
uav7,92.01799334066102,106.0,0.8749450233829069,1.3040239622963652,1.151247581992758,1.6377965518425368
uav8,88.62151068054492,103.71000027656555,0.8546170480265316,1.2711002240087188,1.2706417695770682,1.9533115632502043
uav9,89.81793771236102,103.24999976158142,0.873849558085651,1.2280631439370089,1.3766165737256275,1.5948662610413755
uav1,87.68231407012472,104.44000029563904,0.8401717491956762,1.1925350108846917,1.1650482036854488,2.0085676781696047
uav10,89.1480505097991,95.35000014305115,0.9430868846828284,1.395788288767542,1.3195294657645755,1.6951266919945835
uav11,86.80571635661202,101.69999980926514,0.8536939823999585,1.2931346694001788,1.4973230968088682,1.7143190902416574
uav12,91.46545941851676,106.12999987602234,0.8665811830405815,1.2973800890462923,1.5501233121079585,2.066167442341707
uav13,90.90582243792322,109.90000009536743,0.8288975805888164,1.2549147226565227,1.3223484242001369,1.6570269319046975
uav14,88.68371107079739,108.5,0.8210733360255674,1.282166933718134,1.2442410071903247,2.1309051130969294
uav15,87.70147958169362,104.04999995231628,0.8421238822946576,1.2361540103214448,1.230814457107185,2.716095384908278
uav16,89.36480738212279,102.39999961853027,0.8732518381716574,1.274846725581865,1.3386321540959127,2.9291132995234928
uav2,89.64308114592966,105.34999990463257,0.8514693555641759,1.233109087737401,1.2914798397709193,1.9281602100690116
uav3,87.09539261756309,105.69999980926514,0.8232052180309437,1.2614772847151918,1.2671650529405722,2.67617896902458
uav4,91.0462629047106,111.95000004768372,0.8146919834042204,1.3802950880389984,1.3926521997482193,2.3757794199639926
uav5,87.97101352338808,102.84999966621399,0.8537035178313214,1.2701341900530212,1.2252381024417056,2.9417980897508724
uav6,88.54101400728632,99.40999984741211,0.8909714579369566,1.3200481253187792,1.3258666306103057,2.67617896902458
uav7,89.91660656749838,106.75000023841858,0.8444937024880985,1.2547891539214915,1.3448912973656686,1.6951266919945835
uav8,88.71227484125308,113.30999970436096,0.7861263820599528,1.2685525246465388,1.2007588093513477,1.7143190902416574
uav9,89.34124449418628,109.76000022888184,0.814694074251504,1.2637194626590786,1.1947812951818404,1.6570269319046975
uav1,87.73649486657987,90.60999989509583,0.967639827924829,1.3312036573033519,1.2162500186772496,2.4239463194673143
uav10,86.13161753591021,94.5400002002716,0.9123504664434917,1.287797218247851,1.2947791477458521,1.8183866966583546
uav11,85.23561645051566,92.24999976158142,0.9211687282941698,1.2133151867802638,1.3506358020591718,1.9470093968518287
uav12,84.91806024457063,91.64999985694885,0.9280671475674419,1.28170348559236,1.340691698301142,1.8739267171163376
uav13,86.38024022729408,89.74999976158142,0.9605904499683857,1.269092264663716,1.325141121571412,1.7966530743073312
uav14,87.52088260158806,89.14000034332275,0.9842324762650994,1.2419303308208116,1.2163836996695878,1.7966530743073312
uav15,87.60405662753348,88.30000019073486,0.9893504749971974,1.29416051821728,1.365451903291525,2.968807436405351
uav16,86.6121618678609,87.74999976158142,0.9822813622419032,1.2762547653890577,1.3097408300409308,3.000000004287895
uav2,85.55151081894681,93.89000010490417,0.9045536736517614,1.2066214211081814,1.4123949189722969,1.8183866966583546
uav3,86.1118310870834,89.91999983787537,0.9533857922187459,1.2998856938357823,1.323112622830096,3.0000000042776556
uav4,86.28114590371564,91.0,0.9473278292840488,1.3294492987974313,1.3132136049768275,2.2206597778277586
uav5,87.96142355276982,89.32999992370605,0.9819317830361854,1.3841699338966642,1.237668530056323,2.995253806323364
uav6,87.88976022880922,93.35999989509583,0.9397532913478247,1.278482514512124,1.3056666402494241,2.735467140817698
uav7,87.45138610346355,94.24999976158142,0.9271638795591027,1.276296549168923,1.213428105771042,1.8250271485586127
uav8,85.0846501732727,91.10999989509583,0.9342540605668154,1.2256975201789497,1.358347910488121,2.366845279371153
uav9,86.5842373336913,91.15000009536743,0.9546691475968272,1.271265690815562,1.2035912207306023,1.8739267171163376
uav1,92.6247217149229,124.84999990463257,0.7455522656064708,1.3401483416787303,1.2150138656709157,1.5850475693371684
uav10,88.35380448065945,104.14999961853027,0.8491680233308019,1.2172086156158244,1.138575998739178,2.282624431373846
uav11,89.91044830436135,117.69999980926514,0.7717855712885923,1.3090808518771553,1.7348130406032678,1.6555957612039773
uav12,91.93071958565977,111.84000039100647,0.825726183966185,1.3767792444803288,1.6279868963094546,1.5056295315188544
uav13,89.0208037798204,105.74999976158142,0.8489267427951751,1.2969279300684506,1.1969920813413155,1.6373746598659997
uav14,93.83427547758491,126.98999977111816,0.7443526485693054,1.2669587840568532,1.2791981023669612,1.5785625560664702
uav15,95.02580647832102,127.25999999046326,0.7547059355385459,1.2731616947603042,1.6247364961480544,1.5667861738250821
uav16,92.55913431512529,126.2099997997284,0.7348035216901477,1.256526605255815,1.3227270668242967,1.6764861331677074
uav2,92.08576073776473,110.0,0.8397991608663365,1.2346409883600673,1.264212554701454,2.105064437220963
uav3,89.62067413343647,116.5,0.7668141726237947,1.3441753936831415,1.3110753241863502,1.8892936449456887
uav4,88.5731624562332,119.46000003814697,0.7449620903218809,1.2780407212934215,1.3681333692763138,1.760530507051853
uav5,89.08050257925083,123.71000003814697,0.7239115544456758,1.2914626937879599,1.3421300848196855,1.5725923805220146
uav6,92.58806615729289,110.29999995231628,0.84002018571394,1.2827211076193525,1.374624244905828,2.058408685394999
uav7,90.62143157514654,109.24999976158142,0.8276468907809679,1.303287468479262,1.29150449574304,1.760530507051853
uav8,90.15831137439777,115.53999996185303,0.7879121554158268,1.3503191874821916,1.3060221110344812,1.5850475693371684
uav9,89.97456826236814,116.24000000953674,0.7784441449287831,1.2243794320325403,1.3013203494735337,1.5056295315188544
uav1,89.82190396579861,106.53999996185303,0.8448803045978704,1.2228073506623944,1.2439467463565343,1.5636194418729708
uav10,90.67080091632016,115.10000038146973,0.7947123802041846,1.2110409985823452,1.2270247092138904,1.638701322178555
uav11,89.7042898280219,115.33999991416931,0.7776851401625867,1.208703570081337,1.5312618047178785,1.7705715984884884
uav12,88.96755030830006,110.09000015258789,0.8109591222526967,1.2143248929020203,1.4719763011002418,1.5002965166340787
uav13,90.38653588005032,110.89999985694885,0.8188306260606846,1.3022684433984133,1.149678491793233,1.594717029183926
uav14,92.30810571769827,114.70000004768372,0.8118920668069605,1.245889111276311,1.2198253426147625,1.594717029183926
uav15,96.99881749040253,113.5,0.8609172268594953,1.2475189478112074,1.2100619608584298,1.6554445650821599
uav16,92.40193275060892,111.90000033378601,0.8281621377136276,1.2501629340177096,1.263711396489179,2.4613601309186346
uav2,93.92046367357955,121.9599997997284,0.7763247392872447,1.267813374557777,1.2782510656154298,1.741903831940403
uav3,89.87485265219851,112.65000009536743,0.7974266788903055,1.346809624823722,1.6036522017357586,1.8975580908897525
uav4,89.0656444856225,115.5400002002716,0.7776494343577792,1.260482021034307,1.2986482715765066,1.8975580908897525
uav5,88.99547659969127,104.74000000953674,0.846923933408359,1.268310585913868,1.2441224684480616,2.527958873734735
uav6,94.96453014701049,118.70999956130981,0.8071761330571308,1.2699774971876032,1.3440048780734606,1.953680742640174
uav7,92.14089265097496,120.4500002861023,0.7730200052209638,1.2701702042725547,1.2845951955977455,1.638701322178555
uav8,91.78671883124835,116.35000014305115,0.7952475037513641,1.2341472192733525,0.9649648548046701,1.889468127356949
uav9,90.61494842912037,112.5,0.8121287850968839,1.2498809200212095,1.244635327637511,1.5002965166340787
uav1,92.59148177591256,123.34999966621399,0.7515301180991907,1.2784440683439986,1.3302845306497062,1.4597439968307815
uav10,91.25207454040283,121.09999966621399,0.7572054104167156,1.3634606813649657,1.5747542639527123,1.6113924991623576
uav11,90.999312586171,121.25000023841858,0.755724504354827,1.241454962736,1.2897638536623097,1.2041619830832386
uav12,90.80891508425437,122.34999990463257,0.7493957819055993,1.2587324196145866,1.3339692040341187,1.4597439968307815
uav13,90.59776384278808,117.91999983787537,0.7719373687498513,1.4321647971375062,1.898398950709746,1.7430741417513111
uav14,93.41272900416118,119.95000004768372,0.7878052381798145,1.2832102384205113,1.3158964863777363,1.831104834796068
uav15,91.9342968848015,120.45000004768372,0.7677572959464632,1.2524924056905882,1.2661483490747067,1.7005085710087293
uav16,92.2545177099278,119.30999970436096,0.7855472038013033,1.329569794396896,1.4164951060137945,2.340077734177954
uav2,96.17678143386942,132.71000027656555,0.7338329953391037,1.227135104738608,1.3297791065278548,1.546448455748867
uav3,89.19832967203624,125.75999999046326,0.7075157284172727,1.3078306797865014,1.3429624628623291,2.1218443783696475
uav4,90.21957122091511,144.24999976158142,0.6256116750325508,1.2175999692305643,1.2526179523459375,1.7638071222763647
uav5,90.15260523925699,122.95000004768372,0.7392651269077124,1.2985639132760325,1.2917170265699256,1.6091387723521449
uav6,93.02682025800667,131.25000023841858,0.7099055349518877,1.2851002913954643,1.2930627063546694,1.7080644551262798
uav7,92.18864431630703,125.66000032424927,0.7394787133397742,1.2979141329951742,1.2822427750121341,1.7819784068863127
uav8,94.72671673837868,145.6100001335144,0.6544183398477811,1.3322633259168986,1.5160322260440384,1.2041619830832386
uav9,92.48366523155738,124.6399998664856,0.7518673805817125,1.355073467043329,1.358717953127711,1.6091387723521449
uav1,92.19624942628,127.14999985694885,0.7305467632170897,1.2192431589652193,1.1854842581245144,1.695247797863751
uav10,91.95242918382165,109.04999995231628,0.8505268481394891,1.332543052393963,1.3473075739642937,1.8288698388668918
uav11,88.29493443966228,113.09999966621399,0.7873257080138253,1.2970372613957784,1.8702566590629985,1.7107954171513426
uav12,91.86978299724939,122.56000018119812,0.7511384116398484,1.2913970654116087,1.4406515743031183,1.6020492743704446
uav13,88.35738748522503,113.75000023841858,0.7773323674958196,1.1761474006963941,1.1656017245047285,1.4749733456392
uav14,98.61206144280712,127.10000038146973,0.7850721280263736,1.416109435544002,1.717482627991102,1.4749733456392
uav15,93.16066246948976,125.59000015258789,0.746492031107605,1.2923703668829465,1.2789205608189125,1.6653255399519489
uav16,92.09207663792762,119.59000015258789,0.7712245113325769,1.2782727160365814,1.3551497344909396,2.786425351751593
uav2,91.89877365398537,119.20000004768372,0.7749683482447084,1.2137586796134925,1.371321938819967,1.7907979928512552
uav3,90.51554480692894,125.71000003814697,0.7192844988863404,1.2862455993572346,1.4905470763105468,1.7598592681772793
uav4,88.13855745873897,125.25,0.6997819456769182,1.267209544577675,1.378857291841678,1.7598592681772793
uav5,89.35466872716594,125.75999999046326,0.7094358520867192,1.2714612589181016,1.5654026297906594,1.9139339895048155
uav6,96.55638396067931,120.65999960899353,0.8068664731181502,1.2925761244902367,1.3688392590575196,1.342257195276391
uav7,93.08488561751518,119.40999984741211,0.7844256646605221,1.287991678861521,1.410073266484579,1.342257195276391
uav8,87.794917397112,115.3600001335144,0.7596470151066416,1.321672908086383,1.3722977057476085,1.8950097338138259
uav9,88.0241656414836,120.54999995231628,0.731764971803516,1.3445770161691302,1.2154131480973924,1.695247797863751
