uav1,86.65787426943635,120.30000042915344,0.7162435253063469,1.2061310078004033,0.965551229159191,1.902871616898556
uav10,86.95122259422108,108.15000009536743,0.8017866396592116,1.250872674943182,1.2527403327040276,1.7772378734045036
uav11,83.46937976844168,111.60000038146973,0.7455053705378462,1.270893887889699,0.90842419056661,1.7772378734045036
uav12,85.11729022712365,114.39999985694885,0.7399458302377855,1.1927637413510306,1.131609817295313,1.902871616898556
uav13,84.90178145818984,106.0,0.7958831429376265,1.2769254967585095,1.3458812794231858,1.7840479751381166
uav14,86.71335462374662,119.4500002861023,0.7207929490634294,1.2264463190704888,1.3259805916419607,1.7840479751381166
uav15,88.32265585390527,114.60999965667725,0.76459148409166,1.3062355624829276,1.3120467866850203,2.2112512881933504
uav16,89.8712612109474,112.40000009536743,0.7926847296801799,1.3034796246081493,1.3098694108621773,2.2112512881933504
uav2,88.29096423679252,113.94000029563904,0.7738045152928548,1.3217074526409984,1.3411208634472285,1.6188678788934918
uav3,87.59216118628828,112.1399998664856,0.7745716698842231,1.2668093258362996,1.2466312653332012,2.5296085665793484
uav4,85.08429533064633,113.5,0.7437901334333605,1.1947382865183218,0.828809197241489,1.3774495574290777
uav5,87.76135182120233,117.94000005722046,0.7395602190463931,1.2606878067419742,1.3609756071117172,1.3774495574290777
uav6,87.2334621025775,112.40000009536743,0.7738559557088057,1.2631306048517048,1.2528969522678002,1.967446431631748
uav7,85.5541913379619,106.89999985694885,0.8009633750845313,1.2019838751250784,1.300084390413771,1.5830230823289282
uav8,83.38551375111487,114.0,0.7237056513672663,1.1565844230567404,0.9318076049664311,1.6383251258297424
uav9,87.03157420764441,121.80000042915344,0.7110201664257574,1.2825136499791943,1.033524656509472,1.8524748495331005
uav1,87.55274455008842,149.10999989509583,0.5822373137851454,1.1332493262282906,0.9840404888120791,1.603344158315258
uav10,88.48092798617266,146.94000029563904,0.6007696636846773,1.2666958981131529,1.440493952722834,2.4973560194966424
uav11,84.88730386760653,142.5499997138977,0.5916760750056045,1.191920766725221,1.0096896840374312,2.0193015246177373
uav12,85.7550807151198,139.53999996185303,0.6152196621164758,1.1585295526782444,0.9131453705623425,2.052868327783453
uav13,85.86929630094104,134.5,0.6342785072926175,1.3006681369350304,1.4476649422536974,1.7766182566686286
uav14,86.54761996555419,139.75,0.6152304615584206,1.2039651355700693,1.456965199067636,1.7766182566686286
uav15,88.7418202789421,146.89999961853027,0.5996771987630687,1.2596974960436325,1.3295798901018716,1.7201224441488425
uav16,89.34488069169824,142.10999989509583,0.6259841011259387,1.2773357792832725,1.3023629942291255,2.3833606648768475
uav2,90.62359194203103,142.14999985694885,0.6393884758612014,1.3556145203751169,1.3290373493719625,1.8015788627658358
uav3,89.91066556825726,148.20000004768372,0.6036360884929566,1.2885811861914964,1.2414135506918111,1.6023820746916473
uav4,86.93387002587255,145.79999995231628,0.5915142174625571,1.1347476102599376,0.9758333582879093,1.6031474814124247
uav5,91.04805759314354,145.39999985694885,0.6238622664727221,1.2821397923168862,1.3187904428012769,1.6023820746916473
uav6,91.94894837669146,144.20000004768372,0.6372538628790102,1.3025708000116938,1.3493503931479247,1.8015788627658358
uav7,87.81018200708648,148.400000333786,0.587917189633513,1.1906596766533126,1.3416418070897143,1.6031474814124247
uav8,86.27668540045963,143.94000029563904,0.5975771487007829,1.2835369224789714,1.0131346648232016,1.603344158315258
uav9,86.92085537786693,138.20000004768372,0.627232408096135,1.1842759600813835,0.9506534058120628,1.772590224128346
uav1,87.6214566168637,123.59000015258789,0.7073407390057661,1.2443357259798458,0.9556823086523565,1.5111903886680411
uav10,85.6438460124003,107.44000005722046,0.7935766071742645,1.1869379289867843,1.3107227943155368,2.422875404581414
uav11,85.33912500151405,112.5,0.756168293622498,1.2436031042700126,0.9738269304122584,2.2320437277368868
uav12,85.65604403243675,116.90999984741211,0.7266709584337515,1.1328926480064494,1.7894722572898027,1.5111903886680411
uav13,86.78297725563371,109.36999988555908,0.788665191814532,1.2697012327495114,1.3969979141631883,2.340594208885444
uav14,88.36375705700547,118.0,0.7475620695971913,1.195494265201606,1.5485368250747042,1.526881246703623
uav15,87.11084326300333,117.20000004768372,0.7363501549748733,1.2593554740879391,1.2689768022429144,2.4493966835147187
uav16,89.621211114982,115.07999992370605,0.7761273939793977,1.2796494392756916,1.3731745382421963,2.4493966835147187
uav2,88.40882177967711,106.59999990463257,0.8298145746892689,1.2779243276625711,1.1747788006206397,2.2970041384830377
uav3,89.9811697881599,114.75999975204468,0.7785015285720849,1.3582576831518909,1.3766610809443074,2.731455893894012
uav4,87.92658396607132,116.29999995231628,0.7523534897573025,1.2297814471607875,0.9740357382610465,2.397692007314517
uav5,88.79931321020156,120.09999990463257,0.738084496985336,1.287633592282239,1.3623329646661033,1.526881246703623
uav6,87.37288651124894,100.75999999046326,0.8602735113681943,1.254307754800988,1.2599086344821708,2.4498172852710614
uav7,85.70685005891741,100.39000010490417,0.8490969739745132,1.1970431437938556,1.2896329659424395,1.7931144370052279
uav8,86.36433882223218,121.33999967575073,0.7092357172874222,1.1817072252813616,1.0638779462609176,1.7931144370052279
uav9,89.64614254717208,126.54999995231628,0.7108204300358005,1.2332537344052996,1.0188206059586833,1.5802867668976872
uav1,89.06027168243034,127.20000004768372,0.6995099797695412,1.2909288382041026,0.9075227594754975,1.6196738433082556
uav10,87.10960749525265,117.5,0.7395369236537379,1.2658466164064004,1.4080828101817864,1.9211118054502516
uav11,84.75005989325322,113.40999984741211,0.7427181327442063,1.2449542083503817,0.9884363058857012,1.566581630969217
uav12,86.46642061205358,122.96000003814697,0.6988297496075582,1.2385494239760617,0.93217598607846,1.188144062016587
uav13,86.2855788220459,119.41000008583069,0.71660379314144,1.2420495400038856,1.4450482188788611,1.8965123870957261
uav14,87.21026614675279,121.59999990463257,0.7133244280387078,1.2170093169866487,1.3129743629523427,2.0933060810933326
uav15,89.23228863243054,123.04999995231628,0.7214979771411232,1.263761107838086,1.2516062716581544,2.0933060810933326
uav16,91.03101104821448,121.45000004768372,0.7472554424876617,1.2687213648986222,1.4328640103766577,2.44702299850438
uav2,90.34233567255339,127.59999966621399,0.7065176328930443,1.311658209644423,1.3373676337076486,1.4258201773310433
uav3,89.03829123769431,121.19999980926514,0.7317163364716566,1.3327320246370051,1.3353660120840596,2.060888448509917
uav4,87.253464366236,123.64000034332275,0.7002815015966359,1.1779209184304167,0.8953967131356042,1.4130011003623235
uav5,89.23620190643021,122.0,0.7268179170250189,1.2671818813299052,1.31989104790595,2.060888448509917
uav6,89.88903611541599,126.15000009536743,0.7101425008791814,1.2705370687629085,1.3323533503955045,1.4130011003623235
uav7,89.75258732434625,126.15000009536743,0.7118221638119222,1.2002212639966907,1.158688044257632,1.4258201773310433
uav8,86.30417121452278,121.3199999332428,0.7125692680971942,1.158766748410133,1.057767571154515,1.566581630969217
uav9,86.66242223257258,127.45000004768372,0.6796069820325369,1.123411811674407,0.9504841343827473,1.188144062016587
uav1,87.48153596807896,116.15000009536743,0.7543485008182702,1.2404275019069024,0.9598407882891499,1.7870993030831306
uav10,86.15880551293839,107.30999994277954,0.798833830349156,1.2020289628374565,1.4008223082307785,1.8951346170077679
uav11,85.43535614271447,110.2900002002716,0.7708273450679465,1.2054286390635935,1.0385832349208228,1.7473829966542056
uav12,83.36379995678088,107.5,0.7686283122100359,1.192760905659896,0.910711154577853,1.6946046395359102
uav13,83.53577030420371,103.5,0.8013611893753819,1.2773021755631675,1.456369191456539,1.9799497076913415
uav14,85.69331209146681,101.84999990463257,0.8360842708232579,1.2438987734595028,1.5465930144525624,1.9799497076913415
uav15,87.32233562735524,113.64999985694885,0.7611823859420375,1.281040283120374,1.2633975932690629,2.1843967620410725
uav16,89.43934122615724,109.94000005722046,0.8147312627812754,1.2997538569146014,1.4090538763383944,2.3755711279861536
uav2,92.31480490946784,114.09999990463257,0.8123443984918371,1.3561756654900892,1.4488314441996628,2.153786637694857
uav3,86.41947963844885,108.4399995803833,0.7898388767675809,1.2538175088718375,1.2812079450398253,2.694407659407231
uav4,85.23363619673975,111.91000008583069,0.755994992099667,1.2121507640501064,0.9286496511690969,2.1358614539287846
uav5,87.37434887959279,114.79999995231628,0.7566567905812249,1.2517761887399874,1.3381327974941806,2.652810636966686
uav6,90.85209817389884,111.95000004768372,0.8161032900967651,1.3255720055455353,1.3435827606429496,2.1358614539287846
uav7,85.16452241454995,107.34999990463257,0.7875174700178887,1.2054601217871148,1.35367412004473,1.7473829966542056
uav8,83.24635900378252,107.83999991416931,0.7655434277844411,1.3376672424516385,0.9625044427069209,1.777265062460704
uav9,84.49563432769826,108.90999984741211,0.7744276775952017,1.1781880401628166,0.8921223867889942,1.6946046395359102
uav1,88.42068387550782,116.2000002861023,0.7593926036259759,1.2301943444165098,1.0136626841772272,1.6381574374964463
uav10,84.61956946267881,111.95000004768372,0.754943463390733,1.1584755617114117,1.358574106095725,1.316896429586046
uav11,85.28867780452198,111.59000015258789,0.7568013951516337,1.2769382859799783,0.9791438665906009,1.964173531663939
uav12,88.26362972547562,118.65999984741211,0.7434662966616024,1.345066717307354,0.9864218710796406,2.137870193596231
uav13,87.07133427849135,109.5400002002716,0.7891677535741822,1.2684250679888105,1.5275175983876297,1.4808084301063174
uav14,87.82441825044936,113.29999995231628,0.7704852107085385,1.2265307219578263,1.168834197946422,1.6381574374964463
uav15,88.75326217801329,110.32999992370605,0.7997881781445044,1.3438920631976292,1.4089108689687797,2.239425270446069
uav16,88.60981231385414,108.40000009536743,0.814298462137765,1.2639613914327237,1.3693466236504483,2.239425270446069
uav2,89.991679349193,106.29999995231628,0.845354771909286,1.2704443454162793,1.347665058613842,1.5250929360818648
uav3,86.75648049279332,107.04999995231628,0.8077017988438773,1.2827964981259556,1.3839124482173972,1.7694360928086115
uav4,86.03891209894417,110.98999977111816,0.7729216600902848,1.182160177289713,1.0311860040764156,1.742682021808596
uav5,90.62321134701799,114.43999981880188,0.7900863939503281,1.2916011591210368,1.2544585172255343,1.9892999735737447
uav6,90.60758888484177,117.59999966621399,0.7683217656622563,1.2557764522907326,1.3379385205920997,1.5711940399011795
uav7,87.41494603709083,108.28000020980835,0.803294388087568,1.2538360579228431,1.2027281480357481,1.316896429586046
uav8,85.13965451195907,112.84000015258789,0.7507218855049592,1.2493505975679466,0.8302959352249564,1.6887642958087774
uav9,85.33647460077867,117.90000033378601,0.7189404103282216,1.1342095916734805,0.9422449614670845,1.4808084301063174
uav1,88.31903681753187,124.44999980926514,0.7053158158489128,1.1933154640626722,0.9852501135126136,1.4970455457136216
uav10,85.59131136112705,114.7999997138977,0.741194677690388,1.190155986360976,1.2270639414648992,1.3994187275998375
uav11,84.88233358910065,119.4500002861023,0.7064655410842484,1.2658684678472751,0.9841449060532164,2.0754088933567245
uav12,88.29569515217707,127.09000015258789,0.6939733038278797,1.2917073582702678,1.0351606143892638,1.4158700396581854
uav13,87.993956172042,120.6399998664856,0.726420702317606,1.3258125676786658,1.2386614571726455,2.1558776502577985
uav14,86.80262716444958,121.03999972343445,0.7147904884363412,1.275716601155814,1.3140362535759396,1.5848177316036536
uav15,89.45284833133464,118.74999976158142,0.7489123563899465,1.346951001557444,1.2283917803079443,2.5070716173838714
uav16,90.13178869187517,116.60000038146973,0.7713607414027718,1.253336194867793,1.2984151961198165,2.5070716173838714
uav2,90.22565268653587,121.20000004768372,0.7435487117724923,1.300435714951418,1.3992670096412008,1.506605516198985
uav3,88.07062614743604,116.19000005722046,0.7560893361887511,1.2678486305865393,1.265612206176257,2.6702927392786515
uav4,85.50610863806807,117.9500002861023,0.7235434165344016,1.2517754903613707,0.9266768467736513,1.6510260195459514
uav5,90.25011823751656,122.35000014305115,0.7323584346838442,1.2506018562899588,1.2751849691207888,2.0937488498650896
uav6,90.19273275116963,109.58999967575073,0.821752276401941,1.3465392026076073,1.4292782705873388,1.6510260195459514
uav7,87.97329794192741,123.40000009536743,0.7150038559284271,1.281669300592788,1.4145729615989964,1.3994187275998375
uav8,84.44888242875594,121.60000038146973,0.6893524851107431,1.2151301324071253,0.7652930654227303,1.4183348933790185
uav9,87.84234787972387,125.60999989509583,0.6963903998833652,1.2365713917016223,1.0567988691576629,1.4158700396581854
uav1,86.06002632938672,124.90999984741211,0.6839997260487272,1.1635467303924358,0.863317170133672,1.6400953818473774
uav10,83.8610515727704,109.15999960899353,0.7632547909397414,1.1616194649085674,1.361989230759305,1.519450527949917
uav11,83.34582319987774,111.25000023841858,0.7446209184747336,1.2626040762059805,0.9449423343280248,2.2439966750127125
uav12,84.96598137703052,110.84999990463257,0.7642195003775426,1.2267779199776199,0.9947783706355743,1.5176383819579768
uav13,85.69803864854588,107.24999976158142,0.7946481434547807,1.4021185281448996,1.3537505433282817,1.1230445951597425
uav14,88.21668114836774,119.40000009536743,0.736233066615641,1.2266553096815527,1.379653738172539,1.1230445951597425
uav15,89.80694077755695,117.66000008583069,0.7618256737722469,1.2975398126446565,1.3589964894026478,2.1319107632350054
uav16,87.63860543059548,113.40999984741211,0.7686427253318534,1.266840504726128,1.3434551646053334,1.1518399124038758
uav2,89.31561275426961,113.10000038146973,0.7855267909426931,1.190665600482562,1.2307435869625738,1.0821242135557576
uav3,86.90096219120716,113.99000024795532,0.7628075394250867,1.318538078477157,1.2933267583683037,1.5943111834939676
uav4,86.4747861867624,112.75000023841858,0.7625228439756183,1.1874164290892513,1.039427747346025,1.5943111834939676
uav5,86.95753237166363,115.35999965667725,0.7477737333614181,1.2459651462763868,1.3315295833625183,1.6400953818473774
uav6,91.18221063480246,119.55000019073486,0.7650602145590609,1.3297253574347416,1.425168190776128,1.0821242135557576
uav7,85.61984419706593,110.59999990463257,0.7714145696162763,1.243234030431763,1.3132539063439894,1.5088145673781335
uav8,83.48495775514667,115.8899998664856,0.7130468869403699,1.1555592160398716,1.019125185669275,1.6782733163745576
uav9,85.36084927705568,122.2099997997284,0.6951649757225541,1.1691498116779975,1.0848791567728289,1.5176383819579768
uav1,84.91736517976432,113.31000018119812,0.7469880592175873,1.2278678849030407,0.9464500576102828,1.4429468759985418
uav10,87.94850059527191,106.60999989509583,0.8249184318646394,1.2717185486715992,1.252849725131705,2.3630813121887275
uav11,83.22795724031927,107.55999994277954,0.7663489854149295,1.325129403436047,1.0221681771810336,1.4832301629211129
uav12,84.514658515176,114.31000018119812,0.7358697144288375,1.3066883517306118,0.9765386019516114,1.406735024298964
uav13,84.80569427152196,111.34999990463257,0.7575034882086208,1.2308834624846112,1.2820511478002778,1.7849743706128975
uav14,85.98938399048814,113.34999990463257,0.7559925493499622,1.2025383878055866,1.2940082536947028,1.4429468759985418
uav15,87.54682419521316,111.81000018119812,0.7793225059787738,1.299696689768516,1.290550239314947,1.8384690831982977
uav16,89.24692259039473,110.10000014305115,0.8079982101841111,1.3053490606716585,1.3432885397860166,2.3016656068917762
uav2,88.45280088480769,106.70000004768372,0.8304155706335035,1.324102305609109,1.4220078177506101,1.1828723584228007
uav3,87.67544513158437,111.69000029563904,0.780558728355737,1.3474914424918485,1.3203321102819645,2.3823767407285814
uav4,85.95734115377218,115.0,0.7422291027346333,1.239598019395362,0.9159655599319015,1.8680021623052052
uav5,87.48959054439442,112.75000023841858,0.7727659242212965,1.2972939656674094,1.3170593837383628,1.8384690831982977
uav6,89.28696143078828,104.39000010490417,0.8536850987083825,1.332496086491827,1.3421054419764407,2.2243890986309776
uav7,85.47825370053143,110.0,0.7727467010670956,1.2295337393747936,1.3218189773145497,1.1828723584228007
uav8,85.58696169035673,116.80000019073486,0.7284509158530493,1.108241264697137,1.012023083653519,1.4832301629211129
uav9,85.20769018455667,114.16000008583069,0.7416055747841979,1.2270859375451724,1.015988812088949,1.406735024298964
uav1,87.3939145423508,122.35000014305115,0.7145842542448131,1.2080542044687206,1.0361373096953652,1.5754121534567598
uav10,86.754279085298,115.30000019073486,0.7461654650449083,1.2448582968626993,1.6895952378364827,1.4520314181023857
uav11,85.03630850142281,119.1100001335144,0.7086859963129448,1.1776207847891829,1.7766895767734756,1.5754121534567598
uav12,84.80902117972383,119.0,0.7076204491646206,1.1363711855574063,0.8747047704836373,1.8083179446534767
uav13,85.0968711844028,113.82000041007996,0.7415702316471123,1.2720633872308906,3.3748140948509264,1.8410830357722388
uav14,88.2068000287804,120.70000004768372,0.7270673276501375,1.219733235335479,1.4910929596133675,1.8410830357722388
uav15,88.04524202156117,117.89000010490417,0.7420334516644884,1.3616333569051136,1.3224112675910913,2.197944453274477
uav16,89.58864973445264,119.19999980926514,0.7476375733408263,1.255017174157242,1.2607541276331105,2.198245331621167
uav2,91.33505080751854,121.0,0.7531051070535768,1.434998940060429,1.4339905575010101,1.1973923307518644
uav3,89.09430811064742,128.400000333786,0.6889355713426133,1.2419418728193319,1.2516889477947022,1.1973923307518644
uav4,86.14673832154921,124.08000040054321,0.6875563613951794,1.1109155651882843,0.9764300847674339,1.9848072474433214
uav5,88.34550184198073,121.4500002861023,0.7214560481143925,1.258789175059006,1.2914445371871062,2.061321641254322
uav6,94.39879183048136,130.1100001335144,0.7250256096623988,1.2460462053890176,1.455887237386496,1.577011890656628
uav7,90.80489095519776,120.55000019073486,0.7543031080325819,1.306370354739056,1.2822304597171645,1.577011890656628
uav8,86.43667246650152,122.25000023841858,0.7014226855754438,1.1191928870769043,0.8362660425394014,1.4520314181023857
uav9,88.98350989890537,125.1100001335144,0.7084999044478578,1.3229229141207242,1.1492339551224355,1.7184201563893107
