uav1,86.37562689944343,94.25000023841858,0.9143718575026467,1.1903678943360256,1.2702405137206496,1.9988320887388669
uav10,87.20094163169966,88.10999989509583,0.9915335774412269,1.329049251633115,1.3722541547206824,2.172672226548784
uav11,84.27888659534972,84.75000023841858,0.9901516959224845,1.2493386050590147,1.326876190589756,1.5925943083687824
uav12,85.55906739743727,87.35999989509583,0.978029613055578,1.3036234769038217,1.2323508525213198,1.6676634513772326
uav13,85.88127711497638,90.10999989509583,0.9497239018315164,1.1704473514665399,1.2631160358485645,1.7762057716531274
uav14,87.30060906569481,90.65000009536743,0.9597316992141599,1.2362874432164677,1.2686961590088313,1.8153301733946055
uav15,87.15621145857722,89.39999985694885,0.9734958820374446,1.3031471986104417,1.3591811080329017,2.9436990596999637
uav16,87.03925910048953,87.55999994277954,0.9881968619585974,1.299103641273913,1.413335287598843,2.9772733203247923
uav2,86.84861962230184,88.40000009536743,0.9840426839313919,1.3400779352545504,1.2661513186511246,2.3418417826672675
uav3,87.24015285170616,88.65000009536743,0.9813734941211456,1.2697713653505518,1.3519978606871925,2.2341494215206876
uav4,85.42472628746029,91.03999996185303,0.9293730637525738,1.2398074520799762,1.2395065224147133,1.7821918784784194
uav5,86.95203999151482,91.10999989509583,0.9494711522976128,1.262385428054099,1.3798201564905879,2.9616926029719384
uav6,87.13301751241279,87.86999988555908,0.9858060689339481,1.2840165997617845,1.3006813192923579,2.4998710768972434
uav7,86.91340677510647,89.79999995231628,0.9654975537936354,1.3563592078172775,1.249290690934224,1.9203101736411916
uav8,86.56576286303401,93.35000014305115,0.9250212725410688,1.2408177445397606,1.3408164848179782,1.5925943083687824
uav9,90.64689371531793,95.59999990463257,0.9507000932125802,1.2547376414034312,1.2669386349416045,1.6676634513772326
uav1,85.90698931767346,87.89999985694885,0.9799842343310838,1.2352805092346477,1.0941871633953213,1.9861563568584593
uav10,85.47687736525046,87.84999990463257,0.9711991922918621,1.2202693119655246,1.081454879897552,1.5319216279011239
uav11,86.22298636155772,87.79999995231628,0.9775818521795271,1.3843914766587846,1.3532218891169423,1.5319216279011239
uav12,86.48302126114157,90.15999960899353,0.957952005670146,1.3253994967855733,1.1906766395808033,2.735309511867553
uav13,86.27436759068175,88.29999995231628,0.9719588300649994,1.2597529136333696,1.2031161619459552,1.5970264108725967
uav14,87.2909671108101,88.45000004768372,0.9880673859752122,1.2781972709859621,1.3028689108925728,1.5970264108725967
uav15,88.03857482523586,87.60000014305115,1.001991099789461,1.2913892037923669,1.3305199109314652,3.0000000019506743
uav16,86.2029564944325,86.85000014305115,0.9853940506841983,1.252517978691475,1.3076580168603409,3.0000000282048624
uav2,86.56113985744867,87.79999995231628,0.9842634300570385,1.3060892528563435,1.3172222407888816,2.3462307070029254
uav3,85.32322823192061,86.85000014305115,0.9744300346033954,1.2554595691622452,1.3276549622444849,2.3392161340205133
uav4,85.21110097947616,87.34999990463257,0.9745807440775335,1.2334261349871556,1.2756269203367723,2.3392161340205133
uav5,87.43628800430137,86.65000009536743,1.005135634567752,1.295169342021499,1.427931920454013,3.000000008373948
uav6,87.48074028563356,87.35000038146973,0.998292106713242,1.289345474570542,1.3077287132623638,2.613627521471277
uav7,86.1854782021048,87.9500002861023,0.9803043781944288,1.249736555725468,1.278488945948093,1.913730960320056
uav8,85.96827889608332,87.48999977111816,0.9798163349196347,1.2742994528322722,1.2487176106866187,1.913730960320056
uav9,86.36210842354268,88.90000033378601,0.9692325510194885,1.2278781880947225,1.1466683188732287,1.9861563568584593
uav1,90.26398576895683,100.19000029563904,0.9025085754847965,1.2634012974571072,1.3312694664651108,1.1562282487411368
uav10,84.19237350505877,91.0,0.9197414822572432,1.2260799171006502,1.2961677380818164,1.6413429075271395
uav11,85.2371698373876,94.64999985694885,0.8998442524734511,1.1838284794284264,1.3419577784659755,1.1562282487411368
uav12,88.44601605473255,92.84000039100647,0.9500685953553513,1.3257620245838966,1.2894395960646625,1.5888687759481237
uav13,86.7378687391132,90.43999981880188,0.9606435261875911,1.3455455140977146,1.2809575745846504,1.3031759087064625
uav14,86.99038047683102,95.35000014305115,0.9092709146993976,1.2665533024297158,1.2033239230891812,1.343039386429961
uav15,92.1136709118345,97.93999981880188,0.9495272806349203,1.3418125081101957,1.5746338044022234,1.343039386429961
uav16,92.0930550230645,96.39000010490417,0.9580730064457732,1.3038284329086172,1.3902467055306573,2.435429845864455
uav2,86.73761994968906,89.55999994277954,0.9687391519641286,1.251524884168508,1.3189430871790182,2.4731003588149427
uav3,88.62961611479284,93.30000019073486,0.9454383361293874,1.391756620939053,1.3446587233197707,2.435429845864455
uav4,86.44280416089231,94.99000024795532,0.9028981573971903,1.202150066340453,1.2284948461303826,1.3934617821703117
uav5,87.4318118810134,98.90000033378601,0.8833974248440116,1.3302006753612776,1.2866259973245087,1.3991156539297138
uav6,88.81813317528486,89.59000015258789,0.9910619473663638,1.3275698439771495,1.2644572475106388,2.6300113785118135
uav7,84.43818566074921,90.0,0.9364300780896037,1.2148978033394349,1.1833698275586402,1.7834644885405648
uav8,86.41136882628172,93.69000005722046,0.918573313072817,1.243209566038902,1.2591999712491793,1.2467312887186934
uav9,88.1396850706669,99.9500002861023,0.8827487219709648,1.353267062248846,1.4227299111258462,1.3031759087064625
uav1,85.81980102070548,86.75000023841858,0.9843039903815053,1.2200918829770344,1.223191719508974,2.5942802312468576
uav10,84.70790285188036,86.91000008583069,0.9690116268298832,1.3368972775711023,1.2263595350209804,1.707021092759001
uav11,85.20861222564568,87.4500002861023,0.9688446631603688,1.20992821282239,1.1281873913027853,1.308109414847454
uav12,85.52934019778064,87.16000008583069,0.9824776699191854,1.258234937488172,1.320532377641631,1.8402533217682402
uav13,86.4769099690791,90.0,0.964982391425179,1.246122647952195,1.227682718840022,1.8402533217682402
uav14,87.79161375199205,89.7000002861023,0.9832145807771099,1.3604883797366851,1.3041596331360332,1.6239431353231482
uav15,86.1288718652959,89.24999976158142,0.9634235238893427,1.3638556228356082,1.3448707101324593,1.6239431353231482
uav16,88.80207397811861,87.70000004768372,1.0076679512889204,1.284454102663087,1.547550455428458,2.8475348704865335
uav2,88.28186668038063,92.39999985694885,0.9569397557724539,1.2469968347829168,1.2781735357951272,2.0319979506918875
uav3,85.5165579910749,85.35999965667725,0.995506865889586,1.2936419550359457,1.4460025302855102,2.9715435594654185
uav4,85.01112246259076,87.16999983787537,0.9678637621536096,1.2634470005681762,1.2888390179771416,2.8327477542948025
uav5,85.33767113118712,85.5,0.992931487180448,1.2883292551998784,1.3251302779480563,2.925362001947747
uav6,87.44679990164822,90.59000015258789,0.9616612994907875,1.282167131081013,1.3454002265380791,2.8107335582700674
uav7,89.46738140798368,93.71999979019165,0.9531685455064921,1.2851409983934587,1.225011212758588,1.308109414847454
uav8,85.79715697621783,88.41000008583069,0.9673744566625458,1.2395288169740075,1.2862899369043381,1.7462883486696261
uav9,87.11750159158142,87.24999976158142,1.0040329253446887,1.274055586727713,1.2293473209434467,2.3524021137554953
uav1,86.27665615478354,89.65000009536743,0.9587919276405702,1.2447125911726313,1.2166318753227734,1.9046884277643852
uav10,86.69003355442838,90.54999995231628,0.9568357905043363,1.2926070819242534,1.3213373425043522,2.330276575143859
uav11,84.04156785191181,87.20000004768372,0.9611704512453796,1.2172145178607656,1.2868556603605992,2.052623754777896
uav12,88.03095885933294,89.19000029563904,0.9854713208455661,1.2487329007815682,1.2387598094461696,2.395853945803523
uav13,87.26914235394983,88.84000015258789,0.9780686611637774,1.3036913366114404,1.268048183224956,2.219973618473973
uav14,85.50924589235339,88.25999999046326,0.9649656382303289,1.2478633204982565,1.2495473480288601,1.8447202017721072
uav15,86.5163786043444,87.65000009536743,0.9828894900979346,1.235456082711647,1.1976581794033934,1.8447202017721072
uav16,87.43200138232399,87.20000004768372,0.997363440794575,1.312156359818555,1.3060373171910493,2.9208067328476104
uav2,88.3373502186598,90.24999976158142,0.9777706386713207,1.2461313242440613,1.245992402185917,1.0668907887090524
uav3,86.30489506785827,86.8100004196167,0.9889487217894064,1.2819145988075664,1.4514200293904382,2.601602893802651
uav4,85.13547572930221,87.39000010490417,0.9732965998382754,1.175995668263877,1.1305248228122022,2.1553034900572086
uav5,85.64052267535769,88.68999981880188,0.9587461171484049,1.2692160712171434,1.2765922905710831,2.7632366501833796
uav6,89.66256483483872,89.0400002002716,1.007485801806853,1.3067182752778848,1.3995913259058492,2.1553034900572086
uav7,86.38401021089419,90.5,0.9526411282355489,1.2488402051642946,1.3160906627510012,1.0668907887090524
uav8,85.48389262781484,87.0,0.978905582524148,1.2638699301575722,1.2193084790412163,1.9046884277643852
uav9,86.83789079597359,89.55000019073486,0.9760870225190301,1.2259712289364857,1.174597085213584,2.014032334195633
uav1,86.69650159720517,90.84999990463257,0.9527703576438598,1.1996296626368081,1.1400125097744898,1.6426881975814684
uav10,87.89306642641839,92.70000004768372,0.9516499980728813,1.1768490327792331,1.1916556283717687,2.9499791052663085
uav11,85.16048343692847,92.20000004768372,0.9192546536692267,1.234359738550807,1.242284092333833,2.2031259480595744
uav12,85.16283743032506,94.52999997138977,0.8968929882557491,1.2814585635640976,1.461112789522094,1.0060896441767069
uav13,88.7720414021901,94.35000014305115,0.944891416845778,1.2918359411539506,1.1249187791901523,2.657843377930156
uav14,86.92759597769191,93.39999985694885,0.9267930288268599,1.2117246562391388,1.1326277792509294,2.657843377930156
uav15,88.05594044941674,92.59000015258789,0.9468894445755479,1.1902896176370907,1.1740200251025232,3.000000001862638
uav16,88.01551823360084,92.8800003528595,0.9438098949567363,1.2823147201087883,1.2325651602106513,3.004037831186453
uav2,86.58727187877616,92.76999998092651,0.9260466005361842,1.2037677949207335,1.2067797292886544,1.7978346860557868
uav3,87.02509508430077,90.30999994277954,0.9600305552847325,1.2986424133052517,1.2824984428335346,2.3929609780897274
uav4,86.01262158670832,91.66000008583069,0.9329580541163642,1.1608331717798648,1.2284208010530364,1.7978346860557868
uav5,86.53394323465051,91.35000014305115,0.9433478227733842,1.2657562951907873,1.3042911612694956,3.002397434601681
uav6,87.24144725209811,91.40000009536743,0.950893937739229,1.257538037141469,1.2426090088627813,2.3929609780897274
uav7,86.89129845182991,93.56000018119812,0.9264062707807598,1.2612187490115367,1.2413046576597795,2.1093888675573673
uav8,85.25606485631553,92.0,0.924049507225598,1.2612171331750806,1.3474027023956063,1.9484170265909306
uav9,87.45704338181025,93.14000034332275,0.9386883337591337,1.29686137381841,1.0442476223554387,1.0060896441767069
uav1,85.46513708091484,87.74999976158142,0.9680455438623315,1.2007433478958482,1.0672457167134186,2.686794031074506
uav10,85.31294391234414,87.84999990463257,0.968671313779251,1.2104962792633038,1.2400835145921887,2.6918564215657352
uav11,83.94361730399123,86.55000019073486,0.9653848945097323,1.2733932935934333,1.2713278671721808,2.2023739051850035
uav12,84.87489931316105,91.10000014305115,0.9290915302850853,1.2586683424892882,1.2081798391106333,2.081719882247265
uav13,84.60230124646503,87.44000005722046,0.9607680391967902,1.2575146950250629,1.3080993140601862,2.1815242199978133
uav14,88.50838205513878,92.45000004768372,0.9634583583496343,1.2272140246624546,1.3100240192830857,1.5941393979375482
uav15,86.19835059419708,91.33999967575073,0.9389574337291374,1.270248219627318,1.2625352582991987,1.5941393979375482
uav16,88.08918100818826,89.84999966621399,0.9854239741327675,1.3167934523166887,1.3958400884699298,2.9313958156890503
uav2,87.1473156443734,87.40999984741211,0.9996356382225584,1.3035363476627573,1.3424472453963257,2.5983812703212883
uav3,84.98142344403249,85.5499997138977,0.985140641522159,1.2586604752414945,1.2808303176295444,2.9537567075732998
uav4,84.88897802202649,85.74999976158142,0.9851106284697038,1.1718973502882881,1.2843312961295268,2.7459274198586847
uav5,85.44612006786059,86.10000038146973,0.985123751853894,1.3002300641134685,1.2922484486489947,3.0000000081437306
uav6,86.28812673929937,86.99000000953674,0.9843208590886403,1.2572851659308337,1.2645915485531027,2.9537567075732998
uav7,86.19768460740065,87.59999990463257,0.981556358190374,1.2182087893618931,1.2436003332465853,2.325512813670398
uav8,84.76741233314709,86.0499997138977,0.9842845777801601,1.2215051507918828,1.221393806351466,1.9318973065515095
uav9,86.69254461076653,89.90999984741211,0.9642315514378711,1.2433675415639778,1.18524274236968,1.9318973065515095
uav1,86.78483936548585,89.10000014305115,0.9737243435083659,1.2843972975702656,1.3422693747844217,2.7552386024362545
uav10,86.52819061903085,90.3600001335144,0.9556467778601764,1.3169532122899696,1.1412955386296881,1.5206173768681723
uav11,85.26750270965199,87.55000019073486,0.973719304822408,1.2420542928375058,1.310302939184794,1.5206173768681723
uav12,84.52152492559652,89.43999981880188,0.9420893936414391,1.2254405913042488,1.3200545669010486,2.4229446530505268
uav13,85.45320564102255,91.70000004768372,0.9359680505866007,1.2760824402730504,1.224405952648568,1.6420229777025273
uav14,88.14388706698281,92.14000034332275,0.9626645731372012,1.3575056698325385,1.4202524952159146,1.6761217367893309
uav15,87.75770622823296,91.95000004768372,0.9512331527618679,1.2430085323812718,1.3058133163325385,1.4496351498089475
uav16,88.79483940421485,90.80000019073486,0.97672836685533,1.2924854324031299,1.3160446910012231,2.7552386024362545
uav2,86.57735401634787,87.39999985694885,0.98570395263045,1.220391347735206,1.3051999058619237,2.485011428434746
uav3,85.5307965271604,85.74999976158142,0.9941409065734034,1.3282892746798938,1.3851369464369618,2.9586407605169676
uav4,85.42204529734568,87.0,0.978537626100176,1.212135257742975,1.161618938017149,2.5288531778403165
uav5,86.19928405419321,87.89000010490417,0.9751511965277617,1.305068067034819,1.2475992529831348,2.883591011503399
uav6,87.03576822903038,87.10000038146973,0.9975005053566217,1.3136938533396871,1.215982058888855,2.9586407605169676
uav7,86.7890500722634,87.4500002861023,0.9946190547389783,1.2981566777880336,1.1262799902183531,2.356436352138507
uav8,86.91298170888732,87.05999994277954,0.9971045256830641,1.3140707752984395,1.396712384301932,1.7902707015758257
uav9,86.15325479026308,88.96000003814697,0.9662261852707947,1.317797034872193,1.2294594133358538,1.4496351498089475
uav1,88.67161457748136,103.39000010490417,0.8575723109749505,1.2313204307825054,1.3232318014158713,2.331047687610772
uav10,87.31759922257632,97.34999966621399,0.895610595172149,1.2422359694182092,1.2314068914555385,2.031899189798904
uav11,87.25943862334786,96.85999965667725,0.9044696732150983,1.2299684623212315,1.1465379759045535,2.031899189798904
uav12,86.82082005261918,102.40999960899353,0.8477682954328749,1.228605295352885,1.304819988751448,1.9790149268594674
uav13,88.40132890888233,100.39000010490417,0.8805466247966779,1.2047274073307335,1.1614827785636017,1.8038954998269616
uav14,88.94699455339631,97.69000005722046,0.9097913090719147,1.2788497297884365,1.2423544610356179,1.925540562459779
uav15,88.66570409525077,96.5,0.919181059458715,1.251917324939111,1.352213202362325,2.9874408848169196
uav16,89.10642533529361,99.54999995231628,0.8889212782253343,1.3030963078911009,1.300982793649187,3.0000000009313226
uav2,88.00723817079214,100.57999968528748,0.8710009837988093,1.212429705321296,1.2901660477465313,2.114453457830842
uav3,87.90444891448553,95.50999975204468,0.9219266464620003,1.2928609179462156,1.3853544845730847,2.7535603800579356
uav4,86.58054084707594,101.80999994277954,0.8477346633341625,1.1946130175766212,1.2389268881162157,2.04829705336103
uav5,87.74691024714528,99.95000004768372,0.8765047971800715,1.272611820898629,1.265008415155328,2.919050103954813
uav6,88.46374785178139,99.6100001335144,0.8907858021143116,1.289407979739506,1.3025912477991033,2.7535603800579356
uav7,87.77368664289186,100.5,0.870601676109273,1.2687331850770827,1.2296966387400865,1.7378399044534494
uav8,88.84202575351128,101.29999995231628,0.8808391666300748,1.2224564994624687,1.2310674734114864,1.7378399044534494
uav9,89.68621980647514,103.25000023841858,0.8681414604480616,1.327825611423865,1.2650964271893372,1.8038954998269616
