uav1,88.43311843713732,96.90999984741211,0.90867588193487,1.8787061948903665,1.6707344470003573,1.6753766663293423
uav2,87.89064016458148,101.08999991416931,0.8602940837263947,2.2259936472490347,1.614161441876195,1.5381355574829676
uav3,84.63709340481705,101.85000014305115,0.8236479118036186,2.90189884460519,3.440873877220649,2.017764768708002
uav4,86.05215497998746,101.84000015258789,0.8395898931998872,1.7008321659750814,0.9763479956148746,1.0561372422439435
uav5,88.53556669268374,97.89000010490417,0.9002037570295878,2.769581030382893,3.4017582320205184,2.5176903208030526
uav6,86.94456782982839,109.5,0.7941163063151333,3.0571129665201613,3.71939381742644,1.0561372422439435
uav7,86.98053960844726,104.74999976158142,0.8261461602174492,1.5359604757498961,1.6194825145180594,1.5663813303559935
uav8,87.74718082522855,103.96000003814697,0.8398626024200909,1.538881336068722,1.0181407990755091,1.5663813303559935
uav9,87.63787178806666,97.46000003814697,0.8963883909491246,1.6728453237154461,1.5729212632120686,1.6753766663293423
uav1,87.84517032402658,93.6399998664856,0.9324364369405559,1.6609633190230242,1.6391212147923464,1.890475570793664
uav2,89.07203473524652,100.2900002002716,0.8847704615772838,2.1700730221494124,1.5861280926650763,1.1968368512335164
uav3,85.59333928739755,96.1399998664856,0.8850211695205661,2.923315481929664,3.473497797856928,2.629590157111872
uav4,85.19814057199547,97.20000004768372,0.870215569971055,1.6063611214603737,0.9883144444632953,1.1753466452308667
uav5,89.41962471404133,93.55000019073486,0.9537251952401408,2.7652209350675223,3.2826995553269214,2.9997840401946205
uav6,88.16068988159873,98.60999965667725,0.8909604137813548,3.0199678363500753,3.631930278533576,1.1753466452308667
uav7,87.62731775818183,101.54999995231628,0.8603146465864421,1.7541582174708985,1.6179287404329492,1.5620968234700938
uav8,85.99880689579376,98.05000019073486,0.8714586823887329,1.4975008418350257,0.9700201371212074,1.7327039263757338
uav9,89.54249124923311,94.5,0.9472876776307162,2.0379699875633666,1.5755701141481249,1.890475570793664
uav1,87.74512221758212,92.84999990463257,0.9416601245864479,1.882597619209194,1.624941014309219,1.7779208593139582
uav2,87.06590232192038,91.59999990463257,0.9517669540200361,2.049404607694196,1.643893190600626,1.667915087058925
uav3,86.18888762091986,92.94999980926514,0.9213403892094046,3.014376906001285,3.4665890422382146,2.1347635825023823
uav4,87.19853146877223,95.10999989509583,0.915109388121056,1.6237717769341298,0.8990002070356768,1.2625933514966612
uav5,89.52035658629697,90.04000043869019,0.9925127235408029,2.7921176848229674,3.12446930068414,1.323233731244795
uav6,86.01178219608073,89.70000004768372,0.954781771550376,3.017840899502916,3.461779354563167,1.2625933514966612
uav7,88.40428048688996,93.15000033378601,0.9455699194246097,1.857249889746417,1.64942152563897,1.6888900817375456
uav8,85.43994713527178,96.60000014305115,0.884387886831754,1.602436328168895,1.0204727462275465,1.6888900817375456
uav9,87.16673829051075,94.40000033378601,0.9194096917255795,1.8657259315719474,1.6169093154898746,1.7772492231704151
uav1,88.8764438209528,92.84999990463257,0.9542952712266553,1.8159867397338476,1.561616132316141,1.7268265666694622
uav2,88.87518525933399,102.34999990463257,0.8712990031037657,2.145540111429888,1.7362821074005295,1.532950735734105
uav3,86.07661272497326,97.5,0.8763700754288629,2.9267988039526616,3.4893785388780927,1.68999189771936
uav4,86.43513275609135,103.4599997997284,0.830426714174812,1.5910344084757457,0.9564089222247698,1.6467800525872185
uav5,89.42009002169621,98.9500002861023,0.9077429321365923,2.8363883286716343,3.2999415506386285,2.7342479692415678
uav6,85.52499486506235,105.65000009536743,0.8041663875937402,3.008582060437952,3.5902019575501534,1.532950735734105
uav7,88.46086786978074,100.5,0.8825614553247889,1.6538309061302536,1.6129333647859405,1.7168468505178347
uav8,85.28246222144799,99.0,0.856303126263852,1.4842765518651089,0.8907398156266781,1.6477342720712502
uav9,87.53265905453972,93.15000009536743,0.9340805650533038,1.7703747786413895,1.701949307315548,1.7268265666694622
uav1,89.06033437530085,108.36999988555908,0.8204563570409269,1.7351910527959886,1.5837832864513475,1.6778431423319076
uav2,87.5656868302898,109.40999984741211,0.7950097893485715,2.125045690841931,1.6062171527946454,1.6126030746771929
uav3,85.01758940682734,114.66000008583069,0.7352974703861107,2.907560805097264,3.4245334613431933,1.6778431423319076
uav4,87.60450865389096,118.7999997138977,0.735386645234878,1.5397782712152623,0.9772181724748377,1.2250694183641135
uav5,88.75478967481621,105.66000008583069,0.8349342581371111,2.777114962865722,3.254418451736484,2.9997488032178716
uav6,87.35139978120614,105.65999960899353,0.8258460165589148,3.02573641815889,3.585200495779185,1.2565740265108387
uav7,89.16602283045033,107.86999988555908,0.8185601246527573,1.8987645721959565,1.580546089283143,1.2565740265108387
uav8,86.75138608616777,108.10000014305115,0.7990975537864565,1.5074779134471075,0.9849047338805621,1.2250694183641135
uav9,86.6810114939496,108.25999999046326,0.793691686701293,1.6697668370512397,1.7373978214945047,1.7882014819315013
uav1,88.08080344737064,102.3600001335144,0.8610903946439294,1.7277164438769546,1.7378962812908751,1.7258586621876773
uav2,87.55805406162244,102.9500002861023,0.8493542863445489,2.031678001443735,1.527601922456383,1.4722339464003014
uav3,84.65882145433741,108.90000009536743,0.7703127551691135,2.8986106370731544,3.4677436062183737,1.7258586621876773
uav4,87.56753755790086,112.80999994277954,0.7728594729518479,1.6682652463644474,1.005322825710743,1.3194562341544855
uav5,88.92408565262767,98.15999960899353,0.9047385482859511,2.7533437013292583,3.387788253861859,2.734743720967847
uav6,86.96607700991913,99.98999977111816,0.8654823225435325,3.014217508678317,3.561544754343213,1.3194562341544855
uav7,88.9624852252062,93.05000019073486,0.9532506853386704,2.090321940883801,1.6039431204318395,1.4722339464003014
uav8,85.69636343221325,101.63000011444092,0.8366162991381726,1.478110784520474,0.943462890654335,1.3369314990767962
uav9,87.70642566967751,101.5499997138977,0.864309298622854,1.6206682212754924,1.6975093429320842,1.9914762314392707
uav1,87.8681753849597,96.56000018119812,0.9059418508887758,1.9214483344659212,1.6251553600780304,1.7309654604340454
uav2,92.0572051313882,97.84000039100647,0.9406128795933336,2.103737167733643,1.5731989173417746,1.4236442696457843
uav3,86.94914429206803,100.8899998664856,0.8584785415249595,2.9389547489598637,3.376971854628568,2.0837982584201415
uav4,86.62479134061854,104.6100001335144,0.8241288577635281,1.5863370262650567,0.946613148582401,1.5346456975227893
uav5,88.13492779157286,93.40999984741211,0.9427755786998522,2.8043413215059045,3.4265875348715378,2.0837982584201415
uav6,89.2886069827096,95.65999984741211,0.9354408445456424,3.0289279859783855,3.7533090440290486,1.6097318150632125
uav7,85.24526079877889,93.78999972343445,0.9013688256472118,1.8244478995422921,1.6170155119649121,1.4236442696457843
uav8,84.64882195222856,94.75000023841858,0.8881129935291572,1.497081726171777,0.948206976718255,1.5346456975227893
uav9,87.16297768848099,95.96000003814697,0.9033736679922356,1.9529209662952616,1.57889158205266,1.8850764466550687
uav1,88.57430667229505,95.04999995231628,0.9283427717857533,1.7778249139713391,1.595462248415637,2.0103691471669607
uav2,89.12037183691014,102.09000039100647,0.8715546230074064,2.0311715901296323,1.5802676165992753,1.481819667452229
uav3,85.83169910374613,95.95000004768372,0.8931539569627643,2.980139890165135,3.5388471948889997,2.2038921614269853
uav4,84.82376885326141,97.5,0.8632292866717487,1.6560693033708718,1.074648734375223,1.6323079453291738
uav5,87.91898789662854,93.33999991416931,0.9381661378685712,2.751194225855318,3.239884505562032,2.2038921614269853
uav6,87.55323918563113,99.78999972343445,0.8720409810377289,2.968530367893251,3.709213063636459,1.5014931907864788
uav7,86.39636737412955,97.30000019073486,0.8807171540379934,1.7708204469926518,1.5698845541995308,1.481819667452229
uav8,85.02658654226258,100.34999990463257,0.8401841757038521,1.4706834989240225,0.9593545972235644,1.625231034688295
uav9,89.5011807222206,96.19999980926514,0.9310037625211365,2.2504806903006322,1.547586151498444,2.0103691471669607
uav1,89.34322657849108,96.0,0.9280532202837487,1.8538755451763878,1.605700659745064,2.010490003868682
uav2,87.04215822842559,88.55000019073486,0.9796149741991372,2.1474857800154914,1.6220843373743523,2.2057054148783695
uav3,85.2963017559868,90.81000018119812,0.9332178998291631,2.9368528544803363,3.465548503679398,2.4761499818609867
uav4,85.96343064384823,92.60999965667725,0.9226900127100335,1.6994840682247723,0.9261141330314299,1.5530991652696833
uav5,89.33148862834742,93.65000009536743,0.9524492155584339,2.8712031261452435,3.277088923944415,2.0644881615645616
uav6,86.2840586203636,87.20000004768372,0.9846175235986752,2.9879649109148914,3.5687438370030824,1.5530991652696833
uav7,86.46534181033684,89.74999976158142,0.957483196364401,1.759960168047361,1.5265977969004094,1.8233268939103113
uav8,85.63431973087663,93.94999980926514,0.9042131650949768,1.5053986251992408,0.9856564158380033,1.8233268939103113
uav9,91.5234905852448,97.55000019073486,0.935979808902288,1.777497124990932,1.790444198463364,2.010490003868682
