ciao
uav1,94.95387963343173,77.09000015258789,1.2450460883746957,2.6763412980879235,1.8714707862410953,1.7687831995006518
uav2,92.22731160948787,73.15000009536743,1.2544836086334448,2.895734595278246,1.9976404803662626,1.7823123000059733
uav3,90.15084024061498,76.85999965667725,1.168845875719174,2.8701373029909907,3.030326995893229,1.7823123000059733
uav4,90.94741698248686,78.59000015258789,1.1584151527058564,2.994820240535148,2.7822752489573475,1.6307736395251706
uav5,90.13585168199786,76.10000038146973,1.1940415577121801,2.8065058277912014,2.848747658692887,1.5848703164196891
uav6,93.28735035648364,70.90000033378601,1.3187769753260807,2.8396664142359613,2.774724564523439,1.7953790262652776
uav7,91.93362668550024,67.66000008583069,1.3594118556940236,2.95111743712493,2.14075935310165,1.6704557615677396
uav8,92.27177065265339,72.74999976158142,1.2801969647075528,2.8854542053209986,2.3026855073248846,1.5848703164196891
uav9,94.49335510081536,74.90000009536743,1.2690337194446868,2.9390373551959863,1.7535839692899666,1.7687831995006518
uav1,88.41264668473517,64.2999997138977,1.3671984862918485,2.7135096274018546,1.7900603484039177,1.0084519173649888
uav2,90.40281196195728,61.859999656677246,1.462448097834282,2.850858801619929,1.754843708907932,1.3352685856105786
uav3,87.84405591053189,64.10999989509583,1.3684753770883973,3.09924566150071,3.6049905664435142,1.3352685856105786
uav4,90.08613363261247,66.75000023841858,1.3426420853058743,2.667306378235196,1.7121940959971749,1.721910273873139
uav5,88.41162886666015,60.06000018119812,1.4671011728920926,3.0807767556467422,3.554182710688379,1.9282535395874987
uav6,90.73702060567595,66.39999961853027,1.3725890702234922,3.1058370023594466,3.7203422603749514,1.0084519173649888
uav7,91.54142680542974,66.25999999046326,1.3805633624514517,2.7919747105500097,1.8750742304339405,1.6001418376122984
uav8,85.08711915247872,61.90000009536743,1.369782359391351,2.9914529291482617,2.400977769913456,1.8435917099686263
uav9,89.03687981592162,55.959999799728394,1.5981001847426022,2.9963694234626734,2.515673941575027,1.7206576869221404
uav1,93.5075271480331,70.7900002002716,1.3271282955638286,2.888520617994211,1.8739712706089318,1.0557883401605683
uav2,96.6500583863285,77.55999994277954,1.2572396199086737,3.0141510598314527,2.830769965178445,1.4742288088034863
uav3,87.76265379129993,72.59000015258789,1.2044690962572784,2.927402472617636,2.8205410158918145,1.5502017413296516
uav4,89.88332119443093,74.25000023841858,1.2131191227683067,2.892935421307095,2.2818939326314727,1.195038915284232
uav5,90.29517898719124,69.20000004768372,1.3009150833141665,2.913117715062095,3.1857464193608456,2.6418400251839014
uav6,93.84349211853373,76.29999995231628,1.2358969027996671,2.8862522923264704,2.7919456690864237,1.195038915284232
uav7,93.83513121262726,68.55999994277954,1.3738198304943265,2.8978406851070644,2.2983684066613663,1.2392205343547513
uav8,89.36666191953324,69.34000039100647,1.2847349204252931,2.8599992914193786,1.9419460630000347,1.0557883401605683
uav9,95.31664607135112,63.14999985694885,1.5233227213671967,2.9120056573515694,2.897364593026822,1.59028906101779
uav1,88.10578790611424,63.50999975204468,1.3822915239493667,2.750491344473905,1.7729309342343313,1.1185160098171243
uav2,93.46402461689237,62.19000029563904,1.515457717918854,2.9169954856473774,2.246709452665113,1.434275036891369
uav3,87.33112466122097,64.25000023841858,1.3560312137783888,3.053553218473348,3.602194446958729,1.6338820680711026
uav4,88.38889615079411,65.39000010490417,1.3480795161234067,2.902830244876917,2.011603929443462,1.419557165943055
uav5,88.45879412811891,60.640000104904175,1.4539586416648158,3.104340582096737,3.5444392426451348,1.8006294285772102
uav6,91.66417180432356,60.9300000667572,1.5161934163508237,3.1011425433248663,3.733821392276126,1.097077226275406
uav7,95.13792907379047,65.25000023841858,1.4686102396549388,2.973052687990431,1.9934829426412486,1.6268949131330788
uav8,88.5973449897131,62.06000018119812,1.4291583565872743,2.833525642411889,2.256596150286035,1.097077226275406
uav9,91.6411841736571,58.05000019073486,1.5815555017048943,2.8152677156661774,1.8997979815300892,1.23752649058744
uav1,91.96507879929344,64.97000002861023,1.4174025624693436,2.690990759354581,2.405656805631401,1.0459276723053947
uav2,88.83635576491507,66.5,1.3321548975536812,2.747245628876374,1.7584281278356995,1.3592953977913922
uav3,86.0761112407755,68.5,1.2485120921284008,3.184769778411373,3.730988780928884,1.882066197494594
uav4,88.55730176855221,69.93999981880188,1.2663385190514411,2.676517783675266,1.5710271727326204,1.6233750969583316
uav5,91.39562413644853,64.45000004768372,1.4286444891013348,3.1308693671052277,3.7682230765558726,1.2247779384695965
uav6,95.22718336412117,69.5499997138977,1.3857820673096628,3.0871194042675545,3.6348588857637827,1.3592953977913922
uav7,91.5789908157712,66.04999995231628,1.389898895289169,2.9075647626868215,2.4378465033956367,1.3730612886443851
uav8,84.9703370979268,63.950000047683716,1.3166378650120805,2.9210165008911884,2.055329250458037,1.5177630675474953
uav9,92.5124091494816,57.34000015258789,1.6160273515661936,2.806421903982377,2.1102343238371954,1.0459276723053947
uav1,89.8740602658124,72.24999976158142,1.241264112687528,2.697940124451812,1.7447587231923913,1.7809427243884746
uav2,94.81326098744387,71.79999995231628,1.3326812899200642,2.8729843558223687,1.9395786192275266,1.647178568251501
uav3,89.51011070779793,72.74999976158142,1.2314703703704462,3.06945432378338,3.714484220177795,1.5311350188150943
uav4,91.143179340177,71.35000014305115,1.2837506428849497,2.830435080643093,2.303568819116429,1.5224302023389227
uav5,90.62636813912026,70.0499997138977,1.2979515869506382,2.9281446708108936,3.0899536631281035,2.227421873901946
uav6,96.22739359466294,71.0,1.3696255293213726,2.964694876606686,2.7633809032926453,2.1143275134998034
uav7,92.22192986077783,71.4500002861023,1.2933301057183315,2.749073988870319,2.237643753454338,1.568628362280612
uav8,93.87267977678945,72.09999990463257,1.3054464991020138,2.750075251202765,2.1891373914155525,1.586079212151349
uav9,93.7251311073583,71.70000004768372,1.314118620571174,2.8743526723039223,2.148936007974986,1.5224302023389227
uav1,90.50070790642931,59.0,1.5431753579836551,2.737681458506358,1.879194842245683,1.1804135393230017
uav2,96.04921486244228,63.790000200271606,1.521674113018792,2.9380089983494746,2.1144924743886486,1.1940390786014774
uav3,87.17929846084662,63.59999990463257,1.3630749700561717,3.064059246494333,3.703787393006508,1.766298676947029
uav4,88.9108719902219,66.9500002861023,1.3311279735002695,2.809552797566568,1.5022248163964171,1.1940390786014774
uav5,90.5945106289299,55.200000047683716,1.6461311753415548,3.079454177252199,3.858520943093272,1.7253971794916112
uav6,95.91460283667669,62.64999985694885,1.5489298122867166,3.097620615348257,3.577494332357508,1.4603893048845633
uav7,89.92191719996416,58.139999866485596,1.5467969731755111,2.9129918261693644,2.5843184347449824,1.3342938016872523
uav8,87.6296175030501,57.74999976158142,1.519858877760161,2.894546393191559,2.7682268035710886,1.1804135393230017
uav9,92.00642489385875,58.40000033378601,1.588166311606695,2.993028548886332,2.428244646654644,2.0428575772401794
uav1,92.10188824164682,61.549999713897705,1.5018320477919191,2.685844478461746,1.7475192366830479,1.0220844072484419
uav2,89.27410148224236,53.96000003814697,1.6510380705574343,2.8994036185344467,2.245297545582417,1.8001888193020454
uav3,86.49996854631989,56.200000047683716,1.5321379719213752,3.1370920787703964,3.871285227571513,1.495601797168854
uav4,88.77267343204815,59.0,1.503859915367302,3.002397234983046,2.3668343229025934,1.495601797168854
uav5,92.48449659103092,59.549999713897705,1.5739718723019873,3.1494894976197676,3.641197053345386,1.6765750204565442
uav6,92.65805694363286,52.74999976158142,1.7662258353270988,3.2123116430608505,3.6785139896053467,1.7469717720149929
uav7,95.23829433271393,59.39999985694885,1.5940431043049799,3.164014995704532,2.112682665180067,1.8001888193020454
uav8,91.57332483365866,61.87999963760376,1.4857997307338426,2.9344431041975567,2.227909248448605,1.0220844072484419
uav9,92.28842946277135,55.59999990463257,1.6715110728596492,2.888619422644019,1.9015891574494639,1.6032839008857083


