uav1,92.32737962164279,77.05999994277954,1.2159288269156516,2.7247287782092484,1.7391432618863825,1.512079073846552
uav2,96.28024308445745,83.39999985694885,1.1780729488052222,2.6947144387481012,1.984836243230106,1.3219757115845445
uav3,85.85194134918504,78.18999981880188,1.1006573936807873,2.975142576603374,3.463210741819424,1.5508501836293662
uav4,89.13325944820886,79.2099997997284,1.1324564434966196,2.6526599780022897,1.5670430082862696,1.7410282253142846
uav5,94.78898452407878,76.24999976158142,1.2585569531069722,3.092667149905145,3.6421515891377245,1.8643142874060656
uav6,90.33771304036847,81.39999985694885,1.1169605744498285,2.9662647768354855,3.5981265240406137,1.5296896806418148
uav7,96.28006039824774,78.45999956130981,1.2486440260617746,2.8809356203656713,2.6386618648957425,1.3219757115845445
uav8,90.88282853494019,83.03999996185303,1.0969017443028366,2.8234956962582594,1.941330497116581,1.512079073846552
uav9,97.03171270637546,78.03999996185303,1.2645536113811064,2.8444899861416717,1.8019603207405819,1.6742446488472902
uav1,92.20408987276292,75.24999976158142,1.2381430633434523,2.7535151147083665,2.0308472397103765,1.669552616713514
uav2,97.21534968662414,70.59000015258789,1.3940555823667784,2.7905630304824443,2.865052795245684,1.7599912096192287
uav3,87.51044357684253,91.0400002002716,0.9658423514129783,3.135144759143766,3.7873531890633196,2.035428661007212
uav4,91.19316015801144,107.74999976158142,0.8499125616713564,2.7893271595262523,2.076264701875698,1.5422737331010499
uav5,92.67155563087111,73.0,1.2768419903461368,3.0649322672618737,3.5831634331643403,1.7743739186387446
uav6,92.88080085765878,68.0499997138977,1.3934901106659925,3.040307426741634,3.5648447177664995,1.8679996951505435
uav7,90.65096249058226,70.28999996185303,1.2967503279315626,2.9583434859510143,3.4432387697099185,1.5422737331010499
uav8,86.69824546108711,69.64999985694885,1.234306189178849,2.7501983491013546,2.3589850151857146,1.608987492618102
uav9,90.82841789128707,66.4599997997284,1.3663268699050575,2.7094192488323565,1.8751269939421444,1.669552616713514
uav1,89.6620328039229,75.2900002002716,1.1910309945791664,2.6089046774768674,1.7544081812560561,1.6700324658739436
uav2,98.63820103083785,96.45000004768372,1.039559215446231,2.7973881890296006,2.3616087503938092,1.635071449429864
uav3,88.46438107959699,75.2999997138977,1.1675836762480813,3.1266615232951205,3.7618260708010385,2.4331050856533403
uav4,88.36560652064442,77.25000023841858,1.1467416335891671,2.586738810929181,2.3565583090189786,1.507997175102782
uav5,94.30762529276777,72.33999991416931,1.305347644202193,3.1137206069756704,3.681395989180949,2.6292634676577253
uav6,93.03837181744288,83.5,1.128459329477747,3.0757807868781786,3.5079671838493702,1.507997175102782
uav7,91.23755434436424,76.95000004768372,1.1978230124543778,2.8399814534150187,1.9412505847763637,1.624243080993205
uav8,89.25378361637331,73.75000023841858,1.2085317093732795,2.75512685052481,1.8889650204889397,1.6700324658739436
uav9,91.43476434635555,69.29999995231628,1.3222951147638107,2.8164527018501566,2.2755658466723774,1.8345595427654768
uav1,91.13607881211112,76.08999991416931,1.208909247183801,2.7620207305258346,1.9130959549401072,1.9118485121079931
uav2,97.96146501153137,76.35999989509583,1.2868368540016308,2.76785410317133,2.8974422594146514,1.5603014562392497
uav3,87.92934598029319,77.24999976158142,1.1421309347539086,3.03836949679783,3.485021481411712,1.9354325261887753
uav4,89.24433939071433,77.98999977111816,1.147892474638464,2.5601102924934676,1.5421171128088957,1.7628875245883329
uav5,90.33833097807945,75.4500002861023,1.1997586441196082,2.972412879846059,3.4537789213706573,2.4583174872593063
uav6,95.78638768365782,75.29999995231628,1.2927363066891413,2.9323245528142743,3.5220745012544605,1.697829874861339
uav7,95.3257428944778,76.85000014305115,1.2568134742009123,2.804530656905838,3.5994183639499253,1.5603014562392497
uav8,92.09040307716155,78.69000005722046,1.174544599351037,2.8609988046809494,2.0065066835798673,1.7306472560429835
uav9,91.18942528855064,77.24999976158142,1.1837131518256607,2.8346096983732245,2.216294736012263,1.8104241120593987
uav1,93.64628522658651,84.15000033378601,1.1258649708788013,2.645673787056569,1.7294126222313442,1.5107024462607272
uav2,96.02829740457182,80.65999984741211,1.2107137164838773,2.7722828146892162,2.431358192100533,1.6649824204904211
uav3,88.30555546084341,82.10999989509583,1.0784781509628225,3.032624010944391,3.558418907117476,1.7080703566389204
uav4,86.79999441782618,83.24999976158142,1.0436560110348834,2.603354904776593,2.3407313009303,1.6068292034145526
uav5,91.03464980076375,83.5,1.10586763256004,3.0380755269032638,3.7974923730391614,1.840795849891627
uav6,96.88606776729867,80.0,1.231294859780448,3.1383952390967393,3.6232138554249635,1.6649824204904211
uav7,92.87327545717741,81.33999991416931,1.1500140027110648,2.7074920365503683,2.0277292304058707,1.7080703566389204
uav8,95.73703612548024,83.40000033378601,1.1564008779219814,2.7793902328315307,2.0939975895967855,1.6068292034145526
uav9,95.23403191045226,85.10000038146973,1.1278466520740367,2.886343270244125,2.155374803582031,1.5107024462607272
uav1,90.95664629079172,74.10000038146973,1.2365097880673546,2.6969819444598175,1.6947324531148658,1.7699678700027508
uav2,96.44271704806786,73.15000009536743,1.3339489492285503,2.8123362845663804,2.4232828132926794,1.3583630867258565
uav3,88.79020442807081,102.84999990463257,0.8593751826049392,3.0218619978592254,3.4817057320428075,1.5794340219169514
uav4,86.32918989028316,78.81000018119812,1.09333315738373,2.6198766695609743,2.4220351209928173,1.604415681317002
uav5,92.74842733028271,85.31000018119812,1.0949983603820848,3.0345634744622396,3.6674958911633877,1.6096156967565292
uav6,93.33849848786241,80.34999990463257,1.1711561403564854,2.971372724941726,3.4440843615110888,1.6962490787277102
uav7,93.55481800766358,77.05999994277954,1.2370700374512804,2.702959568678004,1.9477966522967698,1.3583630867258565
uav8,90.30908116609004,86.15000009536743,1.0550005874125732,2.7977035499198655,1.7694264983015326,1.5794340219169514
uav9,93.80843370462448,74.10000014305115,1.271976396781274,2.8562906912364316,2.152038934276381,1.5830328616864937
uav1,93.90086009801817,88.70000004768372,1.0735145660162484,2.645237862415791,1.97314382074311,1.6449338590109506
uav2,95.06987360588224,89.9500002861023,1.064451897735267,2.685585349420588,1.9237266683290017,1.5654816769405553
uav3,88.18075020942001,95.10999989509583,0.9275254648728595,3.000006157595301,3.4995075786342325,1.5654816769405553
uav4,93.25947386392508,94.60000038146973,0.9789009039424442,2.6986772987177305,2.010509679763162,1.5166986769247894
uav5,92.17007954135585,89.0,1.0418040807519067,2.960652733916095,3.4991132311338675,1.7254405030968747
uav6,96.79820961511187,95.9599997997284,1.0245219884610257,2.944656687999418,3.4013352968461756,1.5166986769247894
uav7,96.26370429585411,86.65999984741211,1.125420876911951,2.7998507436655298,1.9142199419184807,1.6593651504432996
uav8,90.25597569042384,90.54999995231628,0.9932077775077155,2.7425653626303657,2.2634273177328836,1.627190025694318
uav9,91.93107093209369,87.7999997138977,1.0579453938206738,2.7433018691366637,2.0853676825457343,1.7254405030968747
uav1,91.29475905021006,89.55000019073486,1.0244914550248434,2.6721494218632036,1.913922489656028,1.7031793990587274
uav2,96.02441684718076,80.34999990463257,1.211815748192782,2.7182769368897874,1.8206279183513097,1.6346612137751377
uav3,89.32846938945592,102.70000004768372,0.8713357406297755,3.0177936415115783,3.671559084993594,1.5778032988093726
uav4,89.08913876122517,83.05999994277954,1.0750394561547467,2.6004669860800353,1.7553356361429349,1.6519541373316962
uav5,91.70568851504154,89.94000005722046,1.0270544911414432,2.9921745792880654,3.5427881991606247,1.8298628652026898
uav6,97.61433677523954,89.04999995231628,1.1138702963041873,3.072878406641245,3.509705772785914,1.7853179511925075
uav7,90.94367372612724,84.89999961853027,1.079901374561217,2.76211204157638,2.0969112841595745,1.5778032988093726
uav8,93.4443735669622,92.55000019073486,1.019698938291768,2.7642511347980796,1.6298524753038153,1.6346612137751377
uav9,94.64823375916906,77.55000019073486,1.2102953602798137,2.749979063572408,2.1429942170542913,1.8764538967254047
uav1,98.26899349350049,86.69999957084656,1.1539348958155133,2.7189210638168384,1.8183021719549468,1.5754413124810795
uav2,94.96134608793506,88.53999996185303,1.0890172864092202,2.853743891849543,2.888782598147121,1.6081405255893493
uav3,96.29760882848461,139.08000016212463,0.6955492410434894,2.7523426585891704,2.9591339288233036,1.5802893712565065
uav4,93.31175439236779,91.09000039100647,1.0237596272773348,2.741125772153914,2.7459964303099804,1.5802893712565065
uav5,96.43867971502725,91.05999970436096,1.0594832485298922,2.907215110617007,2.9083144868725004,1.5754413124810795
uav6,98.89787844790645,95.24999976158142,1.054051158056714,2.5550045379060564,2.6990984351847587,1.6081405255893493
uav7,97.42780090550195,85.0400002002716,1.1600059995560912,2.8508849738215654,2.2768249057862966,1.8479102400410978
uav8,92.7441916364069,97.53999996185303,0.9539617531763243,2.7182671003290673,1.6555697314302567,1.63009666705987
uav9,94.9934422628453,87.95000004768372,1.095055395413564,2.896714014853902,2.5054213955103055,1.8994772320009445
uav1,89.13165506816046,74.40999984741211,1.2017574448298463,2.6311991603904903,1.5268332051648024,1.8792123958310551
uav2,97.68702287225781,77.7099997997284,1.2771226212101707,2.6657927837180586,2.0476543540518626,1.625855884391241
uav3,86.22137995704941,75.40999984741211,1.140643282956662,3.0116856827701146,3.650344007682494,1.8453769310661885
uav4,89.23197225367059,76.90999984741211,1.1744753450634464,2.7173622288660675,1.82277402672235,1.4768535971396526
uav5,90.00924651954843,71.20000004768372,1.267721223294866,3.0157806099641866,3.52149716184213,2.997426840968164
uav6,92.6598016771076,76.4500002861023,1.225547317127599,3.046914268334635,3.6460083469344875,1.8453769310661885
uav7,92.22754071668447,76.70000004768372,1.2130798044164857,2.8001245417011154,1.9813953183151412,1.4768535971396526
uav8,86.418476071295,72.44999980926514,1.1888865398158317,2.778275259626019,2.2105662834950204,1.9368791382591082
uav9,92.28318169321773,69.24000000953674,1.3424912800778575,2.890733549177368,2.021680587570729,1.8792123958310551
